$ANSIBLE_VAULT;1.1;AES256
61323337613537323533626436323934313036303230303335356532333664313364653366326632
6239623034626539336465633266383830663933353730610a663535353239356236343264613333
64366663633831373463373765356331356237383636343761636234656638376131636433666262
6437353531323665330a353932333564333735306263306661333361373238396436666262396530
65646336323665656630316564633462313239616131356161613531636163656662383065616130
62633232653630366332643536303932646365306331326530343831663031636566363363653639
62343663636636353636613334656664643363666439623963656162613832633934316664623630
63636362386131386338326332393265653238306637393133646562623936643932666561386462
66653663353361663663613666636331393461643539636664316161353130373361393539636337
63393531623362346532306431383962643463346137376335346131393466363239396231623735
63303261646464343532646461616131346534313934613566333436373263353664306139383635
63616364363664336434373031373332643535633065336234383161633630613561393039303964
34626236346332393635343735333831333666613263643833376461666630643637343535353137
64326630636439313536373630306662323633643636373864653461616166393434643437333634
32626530396563643264623161616164636432306562636665663633386666313465366534356338
36363930366638343565386435643836626433656534353265656634336631316237363531323530
38313136373565363937363732323365613131363536666366343264346561613539323034646163
33623765663332383634656430616462646662663038386338313432353434666531313438303162
66306130333638636565613232343237653231646661326362653264613239643336656366656438
35363132383538363038333437663631646666343032356434353838316333346230363631636461
37323830373763616166383366643738313133663030306134653030373138393762623131656166
35633663653563326230323238643265343564396539633931626139373630663130333265386135
31613131326264376464613530396161643565663435393038343861663833306234346639663233
33613439626265666339666335613730613334623361666235623564623133323232633838663336
63626164616462353534623864323137646438613837336664633864623739366332383036356566
61663766326636383137626563663637666631373033386133643638653238343834333838303332
32396164656565323063626434616338656630316433383938663634643265373663333936643264
35623334376534356239623763633830376165613435303362306630346530333938636438643732
62646534653865333232666235633564643633343930373631643130363736366434656261333066
64396533313362333865396132623038633664303038303566386562643466646530656262376338
39386133373063323439343966303266653134653034616437356561323737396566323434653136
65623936383963653565346662386464356366356539663063623464613538323039306630643937
65633333326534326463623033326464663739333266656132373436363637666462363237646563
34343363346635333661393362383561353433623632326163663338663630623535383034383461
37323633633135366437393737666562363030346432356232396361356665636135613464323362
36346136613132613566303466376461303361633261373666616638333930613039303864396135
39373830343032316438663165316135663264343337666237393866646664323738666537663765
62663264626335386632643431626431646339326434626633343630303636353432313131613233
62323637376432613264323733393233646635363262656531623836616630386366363737346237
38653030326539656130363630306632626136646165346339633139336664373364663034626561
64623038376237316461393161373838626364613364633838663530613730616634326161396430
63626633633934323339663030616565333966626330363539346231623361356634643730323932
63373266613364303930316664646334656561353466646437333031366561646665633864323637
30643664333932346134363662653237343032393065366134316136313931316466643131376565
33393265643061616565316434363135303633373461353262333033313331306438613064393534
30386439353063633835353438306665656533383966323534616338633962373631633338636530
33343937373931363538333363646633366566616362366434343264656335363830623932616565
31396464656661633265623036333137636439393064616132326262616633346663623264633865
33626663616562323237383165303134393736303332663736363764383239363638633133336437
34646238356362643639376336343633326337336362323132393564373231633335323864636339
34323430656234306330383134353938393264336437393962343436373535623961616264353735
65373931393637346463626639363561383630303166323436613335343965366233366662386331
36613564653738376530353730643235333735626339323039623663346666373336623239336331
64373133303262666136383265303862353731336664633261653161396661666362666136383337
31313332313365636162346232663334316465653462396563666664643735666138383365636530
33623661616631396362316235313966366131393233356663306239303366386363653265306364
35333635376463646630303130336435613062626666643934366338313538333365383934303563
34313262353537336639613032383664356436386162306565306239343761646633396665633263
34646138656666336365336166363430316635383436323262633339646130633630653234313231
64663466643363393033363666346236303938656136373465623836343437303330653061633533
34623362633135346638363939323361616664346434646566316363653635663762663737653434
62333861653936323135313038616563373732326534663666623265363032656133376266363366
34366261626237396264313635653766393634303231363837323161303439653537646266666337
32663236386263376238353166666235633361653433616438363434623035633638643564326133
35353331623665363063333561323761643031376663353265343131333661643064613038616633
36646561333537353165643766323435306231353666383732613937653262643532323135346662
32336161373734393131366466353663326463316630626263336463626535313666346265626637
65626439383665623138363864323361326566376561313232363466346261323632616566626131
37306638653232633832316639623864636234373364383063646264663936336630326563656265
64636563636166633766613630623661306563623266383136643663303535613361653830643366
64376439396264396661386366373530653664656339656662636334356636386235646236393063
32363433633231313235646638356434376463616566613166616231336431633039303635393738
38386637646238393834383339623564613233363631636531396136306132636431303762303761
65623830336236343537633738353866313836333761386466383532663332333162373638623436
62653565346538623064373766356664656566343261616664306338353634356330633433306464
62663364343533343662333266653537616138616630636265343666323737356131623430393030
62633134396330653633616263366462316166633337396630623639656538663463666164386130
32616464376366333234323337383937616362653763323039353764376637323133336232326464
33623761626436313061666164646234346631633437373738346563333763353832316465363337
62363939633137623535306664393332653132306464346536343264366662623838386132626562
66353932323963616464623266383937643838333735366534666430356465643239373436343835
62656562346231373134616266663966373864626238333236313162366532653933636633666266
36623362326262373166626235306662326564343361376436353832633163646162653836613266
66343564333632336131656663393064343865633636383863336339323832323539653139613461
65343338366632363030303834363964653030353735376164616630323238323737623139396665
34386135613431343936666635336438353032613033623133386161643136386334643735336338
30336661383638333233343138343364643231313232653861623262666537613461656536623439
30323733643839626132623463336534366563666438613466396635373537366264376131346565
36373761353231373631653536636166393163663966363733303536386631326432333662383836
35376339356465653930623362643561306338643663653432666139633265396436303533313331
64636236623664393136623765363534323561376163323233366134373230353465336135386430
36346230663839313065356336616565386361373238376638323265363139353133646530323864
66333161346235626537303038613864306363613339333432323632343065306362373266396163
62666534343532663439613166336134326431356163346361363535396531373433626263663064
37613934633063333739646163313362653562663931653530363464663065623336656564306165
33303361393266616435343036303963386636356164636232316337343963353966363231373165
63323933636335306264366337643661323164643961323938636562343637376263306662653161
37643533663032306463353730393263376234366434613466326434393036663339666232353534
36313636313031346362346565363532323161393134663530316561616331626261616630383533
37313564306434343962396237326539313861663436323665323065666436336235396232636336
62393566343235336162643433353732383232316634623238646233363637383232626437656239
33376466663438616433393533303466356238653339343736613263323435623933633932656532
39643432336464346364316561616436356339376464663134633133333030383338363932663066
39623935316366343864326532383530613666363133316564656630646233646238633332303833
61363562313132393037626535656434663431363534646561636264613362366363303761343365
36376466326331326563616432616566396332363339306562663663333430623530393637353830
65643432623466366664393836323764366436643761653461366463633063326338356565653132
64363837643230393539373662626363356231303964366638653937383739326139623566646432
66613135393265653161653434643166326539633734633966303738303035666233373534363562
63666333623131386136303830666263636261663334313038386363323438353630636235356634
31616534666531663265396330396662613030666163393939633536363635626666656239343061
63343765366161336335623632643635666136346161363831313430646463663566616434323734
61633633616330663266303866323761343438376635653336636438663330323031366364613839
61343762623931373937366632393239323966323537366238623762363965643830643036663236
62303237316437633962663238363337323736623233643939616536643264316130653533376263
30346239323831646361626461383234396264646462316164616137366138363963303039303030
33333330616436373935613366343932343365656535376437353238366434616566333362626161
34663139376339666234623036333063316465646665303834303130353866363839323539303831
32643230383634333135643363363835306334396530333538353537363338326436366233653439
37623839666136333434373735613030313232666431643532336634323536396161336636393639
37353638316539623164363064306366363338646563643963323836313834353764366333313732
65353537356561346536613936363038623962626636623163373964623937326437313030623761
32383266383534393133623866383434353738646364626630613733353134303438333234333062
33376365653865316535326335653863653136313134633462633630393336316566323761653137
36666161363433336435363561346634663431393163623233306435353461666264326164356461
35343033626133623336643161646231633735303461326165663730333530363832346432616336
34343938636364366130333838623731393533653161306437396639633266316664303237383833
65333163323131326533363135663730373934653666666665656633306665386262376438313633
33353665306534623533656462383664356665616232366535333637613461323237313665663462
65303632303439386563646366383434343036643564633336396532396265306137313136366635
63626363343433316631613537643866336237323465313163333731626338343663633332303239
61303165363738616165636234623837303939653534386135386365356366336239313931343964
38663434613739353733353566643332623630646539633032346166356135383031626439353566
31306339666261306133346661643663323336343863353437396466376466646661616363343630
36356264646662623238663064373261366634616463663361313663346638353539356339316531
31343133356232366531616534613561643833656163636134363232376635366663323337316261
61383837646630373433643163316639353833313134393432363163393065323137363433333637
39313039336437653236336139363066333666386533336430366233333539373865316231646665
30373834346562356231366335313762333037303739666663326565653562313936343731363466
34383963633636386662376132386662613532633038636466626461613734316331313833353233
38623164643738663537393037303035366366646330653131616130343262353039333565613764
62303439303265326265643866356565636536313437343361373861633765366561643961363965
61323537633363373036666363306233303132363561616138356539383531393365626163663337
32303635656266663633316337386637353365653561343465303864306230653062313930373965
65363137363534663233363736346630636365316238393562356539353430316665303230643961
31613332366436633636623133636661326230663836626266333663653434623330363064313564
37663566656662333938656238326266656632346338323263303034636563356538623030666666
31333133313935623262353264326538353161346436633963633465353031393137396236656663
62653533333361653733333863383134386265383265383266613864666135356163653132316364
36643738636630636365373837306536393162633462366464633165346466323935393536373132
65623936643164306632316334343066333233353734313532303130626664303139313563623338
36353566613734643137336165643833363365353763336236363730633565303363663433373264
30653735636665346661356565646463313364616633613161383161306637616238303231316665
61613465366362633230633661353430623434373165636639616230636461666439663530633131
61316439336139393036343364386663613866306239666338333865633763353061396336363934
61636361346563393431386665366530363062616135373435363932663730313537396462346161
30663630633430373236646461393565646533653964333764316463616131303734643136336535
64396665353366666236306130336338353233386466383266653866306539333933353836666165
62306461636438343932636664363364333433626461333135636233666335383562376262613065
36616431646663353135326566356561643136313638313235323061653730366330323361366436
33303866343435323437316261653838643535313761663634303939366164336433316564393534
31643032653263643133383231313162666636363365333661636236626566363832653138303532
35626336653439363236323333333264313865363566343635623338653261376538393961663866
37303331343961623965616433633163316266323532313134353732343738373039373230346437
62663864313238636331626163323539396665366335623139303166666166326335386631393131
34313233643966323730623039366261643833613435666664393539613463326333383362333066
37633733663061653134316532386437663462663964393139316536366665643831626333613639
38663430636264333530653831373338636331323962336230666530326263376234626565643234
39333765646333623431383036356533316531316364383934393963303937323437663336313039
62656434396363363962633538653563323038386536333961386336663963306230336136643866
36393466383939326436336331633832636539643666343563323532333762643133313034336533
61393364626665623039356235353536643432323963653330306532653737663563623661656534
31653139666538613238373032623534393932313262383161653531613437396634656262613137
66323535643530663632646462636565333236386264633864613363373064313765303066656666
36636239613431646663653063323161316132336338396235336532343430343037366532303063
66383038666430303838376437646165386437356338313163393938633163653265353965383932
33613435656366366664306563386265316233396234653332343235393037326464303935656633
64303765393336326431623137393662613732356333376663393538333666303665386361636331
63333836376562663435633439623139343930373032386338353663383266643937373964653232
61313133653832343635333337386337653830396432623435363939386139313636323063396537
61643239323138306165303234373164616435633534653432353964393137353637643465376439
61356633383932356430303064653161306563373030626636393135313561666439396636366262
65613763373838646339623463396538646631376335343139666431613838353465306133613630
38333534363233333634663766623734626138323634666536313933373861373465323462636639
30636136663035313133623130313465656438366663323562306639383365613037623431646130
35626562316161333035306466646265333337656661613166363763636165643031386136616164
30376339316436653236636333363863643364663265363837373962393036663131316136336563
66316538336436656131343662323466326163373262376339356238313538386163383539643330
35373535643231613762636366323432363738653135303063666233376666303766313230366463
36613363636464366236373266656466366334373763393933393530343762616562633761373138
64393835343535336265626633636265326237303664363933383930613733333161666461326631
61343662323165396438643661326535663833306631623266626362306263613262663432383164
61633661363936303631363638613461336662336436616236653331663833636363623533633062
64313331323636616665383534626533313835386163303335303632663862666463343432386464
34613063386365663866343862666663656266303838356135316434366232623632653832666336
63636534363561643566656439663431323037336534623433666265303132393736313031303738
63363237663637616265373164343331633634373866663061663537366135353161323364336538
34383336316438623863303632303764646362303866346562343730353635376366616337623932
64306431313862623539363164633262363965333734626638663133373163656263383237386332
35393936383238383562396131633563336331383063373930373661383631663738376562303861
38626532343039623135653733363931633735616163643636333331623737373531623939653961
62303065663436616263373238636665623230656637636535626139663765323333626466396462
65623465306438323761383663653963393763623333333832353836343637353530323736363265
65336538643438303230306434323462303036613437633361383835666333353434366465383031
35323838616465386637363838336534386537396432353930623338336131336231323561303633
37633233623964313964373662616362313333353662363264383161373331656230623837663232
63623665333061343738623965616166626538623563353036643466383233343665313663303331
31626261343534303066623862613962616433653963653165636633333333373631333330373831
61303434316565326664316263326538353734653931373039666266343133616565323461303961
36313832653362613461363564613539636531366361636563343634373163633765653932636164
33323136303731303837623438386338326231326132366132306132343236363133393666323432
35396530383731363032656163306262303865346438616630306436643237613364373864613566
34616333643532666563616262396662633432343632646162333934303938623166656139336231
30636661376263333137356434376463636333626366663337366439613862356337633736383563
63373738643266366335666561396161613732653231323135376235393066316530663633663361
33313061356239663434386333636239633032646565366330326239633630353430316231396265
63613530643566623263386264383136306462633931353434666263653539383732373638623866
31656336643938313630663638353561663737336163323232366261303531383433363737383232
34383938353930346663633130383664656361393732663466323636653735646462333534373232
34303562643137643931643538396435623630376664663533633664616462306430383761343231
64653033333563616239333938373466343861326631363733363530366632366639316666636262
65663961363835373037313630396535373564653537626639313938653866656433646432306366
32393862353934633231303636386637663636613735383530386166393939383461336538303936
66353430366338376333623566646566313232313838646133326466396164356634643466323233
39363933633738623239643333356431363838323661306432663966613065633762323532383363
65363936306339393332326536666666646339306635346662376562313262613035356336333239
64653934623233643638633630316461303730306364336639323230626537393838393263666231
64373931376334366235663465336136373234633165636366333262616164343537633035366334
30346337353433396465623934626363313664343236333665633661306136363763373731646265
65663665366534353931323862363865373933386433626533393361613565646530376135323730
633030633162626532383032653438393563
